820.6461753845215
842.0769963264465
1051.9626278877258
797.4092512130737
783.7941966056824
1034.4061846733093
1026.8371243476868
658.7185277938843
7427.050929546356
635.4553556442261
629.7517337799072
546.8960385322571
852.9428730010986
1826.5620031356812
1092.074963092804
564.6258182525635
1064.7636795043945
667.6131625175476
1357.1899147033691
4753.5402727127075
795.0300526618958
984.9630484580994
808.2053894996643
712.2082118988037
1000.7561345100403
888.7722043991089
1322.1189332008362
1050.2119765281677
716.2142162322998
1095.7727451324463
656.0709266662598
792.5679335594177
569.5613412857056
778.5858702659607
614.0491552352905
587.5653314590454
1074.5782113075256
650.174822807312
685.5054993629456
787.2262573242188
1001.8081831932068
1031.0171542167664
795.7585287094116
715.2461156845093
573.1704258918762
693.6254243850708
601.3946442604065
617.2082085609436
563.8321614265442
1029.775667667389
639.5090646743774
602.9966821670532
661.2787480354309
591.8178820610046
655.9722099304199
734.2004919052124
823.2499237060547
784.3486685752869
1083.2757835388184
1028.2221279144287
825.1010389328003
821.8839049339294
588.4471669197083
1095.3379745483398
951.9752554893494
629.0019097328186
646.8622536659241
1094.1966300010681
837.3720178604126
790.6773796081543
810.9523348808289
597.0743346214294
770.5507998466492
572.3143191337585
790.3358378410339
616.7409863471985
871.7656865119934
1098.3201112747192
792.2815408706665
1064.6072912216187
697.0899286270142
1091.4030275344849
551.5243782997131
978.2024917602539
742.1244521141052
1010.4306282997131
1014.5447006225586
1003.9026021957397
772.6367921829224
614.5979747772217
646.5256490707397
733.8789448738098
653.1722364425659
1082.0873770713806
998.7371792793274
984.770586013794
617.6874723434448
1038.2014842033386
538.381185054779
969.0244245529175
590.2284660339355
603.2446713447571
1029.4917998313904
703.8452353477478
756.2481045722961
764.5649704933167
561.0768275260925
768.3886332511902
1024.8793745040894
987.1522283554077
580.332631111145
697.1135120391846
727.206362247467
560.9581346511841
551.1791481971741
656.0908122062683
616.8993487358093
515.7799639701843
874.2997107505798
1006.5215907096863
757.7132353782654
665.3258728981018
658.8938703536987
671.8654880523682
570.6093583106995
1021.6076421737671
619.6994428634644
1083.4301733970642
1060.241865158081
780.9462623596191
568.0640015602112
609.9634013175964
685.6932139396667
557.3174757957458
1133.2501459121704
561.3202834129333
583.3157277107239
1020.0185565948486
779.9936218261719
751.2347078323364
600.74693775177
643.8792743682861
679.2877016067505
562.3612198829651
560.1124949455261
615.2367043495178
1025.3537712097168
661.1939725875854
975.5105891227722
620.3034400939941
579.792028427124
606.7987470626831
658.2038536071777
657.7531518936157
763.6660475730896
1035.3364686965942
1087.596809387207
805.3411221504211
1020.7183260917664
767.1977376937866
1064.4581446647644
579.9119305610657
764.9878396987915
789.340094089508
1007.6421747207642
667.8915762901306
662.4959230422974
600.8731608390808
565.803288936615
523.2256374359131
1069.7801389694214
716.304573059082
606.5091533660889
546.5570259094238
959.4476909637451
973.382110118866
787.256299495697
686.332236289978
730.3456950187683
586.058629989624
1067.501603603363
589.6576929092407
1173.285792350769
800.2502360343933
1100.7896447181702
776.2796106338501
586.9008259773254
562.373321056366
781.8909034729004
1019.2820496559143
717.023500919342
607.3813424110413
1049.808654308319
803.9300808906555
586.7016186714172
1016.2659482955933
656.5013842582703
686.3980383872986
662.7416105270386
626.9699397087097
794.9182624816895
737.4027166366577
695.4544715881348
1100.0873942375183
662.8518896102905
775.6521492004395
755.6397533416748
571.9482560157776
582.6162104606628
591.5699620246887
736.5409274101257
651.6252913475037
618.540744304657
604.7300782203674
997.6105861663818
811.1794118881226
738.9914808273315
644.1456594467163
771.4452476501465
778.101993560791
655.065899848938
560.0941491127014
850.5015497207642
646.3183422088623
950.1230363845825
1082.7074904441833
663.4019861221313
985.6129145622253
579.017475605011
637.9729557037354
824.3775372505188
820.1862297058105
615.1889200210571
733.8028588294983
767.6640863418579
830.8797740936279
616.2536578178406
571.9122033119202
748.5507235527039
586.9808449745178
682.6872339248657
775.8584752082825
776.504077911377
774.259072303772
809.176121711731
645.5846767425537
1060.3174295425415
594.7371020317078
667.8223333358765
656.193666934967
1057.8521852493286
786.3451290130615
682.9613013267517
563.758791923523
1095.6426634788513
642.3855829238892
822.6533184051514
595.301929473877
823.6107816696167
717.0640554428101
641.9032273292542
1069.6043400764465
667.9623785018921
647.3335208892822
793.6217885017395
1007.1964106559753
573.8430800437927
733.5493149757385
817.7235040664673
836.040949344635
582.1240611076355
977.9261922836304
534.8657169342041
549.0417714118958
800.2621507644653
515.2183284759521
1056.9881744384766
1005.2194080352783
588.9705862998962
526.4100332260132
1132.2246580123901
824.8735184669495
641.0143074989319
545.5131554603577
562.3184909820557
863.173481464386
1211.1194734573364
875.0115914344788
717.0698437690735
876.162181854248
662.2870106697083
584.4015512466431
705.357880115509
836.4033761024475
571.8878908157349
569.9392790794373
746.8879809379578
570.0283207893372
589.5818748474121
704.8330183029175
710.5473885536194
1078.3966035842896
832.8382863998413
652.6046652793884
1073.4898028373718
1199.7191801071167
598.6772742271423
5773.420103549957
579.130937576294
796.3238019943237
1979.9659762382507
643.7321767807007
770.6500196456909
763.0083174705505
793.965311050415
722.4351172447205
587.9181528091431
761.4192705154419
572.550920009613
4981.048992156982
794.8653225898743
812.2042136192322
577.4157900810242
644.9823279380798
814.2613596916199
753.6841897964478
1072.6102166175842
1065.481164932251
671.421956539154
838.9518985748291
756.5767436027527
1036.434546470642
