2939.4302368164062
120.74065208435059
122.96557426452637
61.670780181884766
214.42580223083496
569.8871612548828
322.11780548095703
63.60626220703125
328.1714916229248
1120.6541061401367
99.01976585388184
165.96412658691406
153.9168357849121
73.31228256225586
207.37886428833008
126.78718566894531
447.9985237121582
260.3902816772461
108.40821266174316
325.8211612701416
114.8531436920166
179.74519729614258
67.87967681884766
173.6910343170166
64.76259231567383
68.4964656829834
321.857213973999
106.95004463195801
106.38713836669922
179.20279502868652
289.84618186950684
299.5901107788086
175.66728591918945
126.96027755737305
61.29264831542969
118.24727058410645
76.40910148620605
84.22541618347168
68.24612617492676
291.0289764404297
66.71357154846191
66.37692451477051
66.75219535827637
63.46464157104492
101.23872756958008
127.83527374267578
182.85536766052246
162.4455451965332
318.39799880981445
302.53028869628906
189.56303596496582
190.61756134033203
73.0435848236084
324.0950107574463
309.4320297241211
80.10458946228027
104.68482971191406
320.2776908874512
206.04920387268066
179.2123317718506
165.00139236450195
70.74499130249023
166.792631149292
62.22724914550781
172.30701446533203
65.53816795349121
179.17251586914062
308.30979347229004
164.5963191986084
319.5035457611084
131.73699378967285
333.3628177642822
59.25345420837402
285.5796813964844
158.98489952087402
298.0847358703613
297.75357246398926
290.3132438659668
160.42613983154297
103.1351089477539
101.79805755615234
133.20112228393555
105.1931381225586
313.94171714782715
282.7894687652588
302.7782440185547
104.59566116333008
338.8669490814209
61.76352500915527
293.3540344238281
96.69613838195801
111.14215850830078
322.71885871887207
149.11699295043945
163.56682777404785
180.20176887512207
61.30671501159668
174.66163635253906
329.2396068572998
286.01932525634766
69.36407089233398
144.91581916809082
152.4214744567871
63.34495544433594
69.96774673461914
113.88063430786133
103.1351089477539
65.12880325317383
317.57330894470215
336.49325370788574
179.89802360534668
110.1219654083252
119.66872215270996
122.0395565032959
66.15662574768066
291.52941703796387
67.1229362487793
340.42811393737793
318.2239532470703
180.3288459777832
68.70150566101074
69.92745399475098
102.84924507141113
63.6289119720459
328.70960235595703
59.15117263793945
66.45536422729492
308.577299118042
185.0295066833496
170.86195945739746
102.33640670776367
102.93865203857422
105.63492774963379
64.84150886535645
68.63546371459961
67.90804862976074
301.1329174041748
123.73590469360352
297.4727153778076
98.81925582885742
71.69890403747559
68.55273246765137
102.7994155883789
107.62929916381836
173.90131950378418
334.24949645996094
344.67339515686035
224.59697723388672
280.9567451477051
174.67951774597168
315.532922744751
61.71417236328125
144.75059509277344
187.6356601715088
288.9885902404785
103.21331024169922
116.43743515014648
102.41079330444336
62.720537185668945
59.82804298400879
291.55540466308594
158.8122844696045
95.73578834533691
71.07234001159668
282.3967933654785
295.6094741821289
266.79039001464844
102.28228569030762
170.33123970031738
63.55643272399902
307.30652809143066
68.35699081420898
343.78528594970703
187.4687671661377
317.5652027130127
284.72208976745605
82.09657669067383
63.185691833496094
171.66638374328613
300.7009029388428
123.65603446960449
69.00906562805176
290.5099391937256
173.67863655090332
74.39923286437988
301.97715759277344
112.98084259033203
121.88529968261719
114.70770835876465
103.23405265808105
189.00394439697266
159.76786613464355
116.5013313293457
344.0120220184326
115.02265930175781
176.00297927856445
167.88887977600098
68.40276718139648
60.96649169921875
75.30450820922852
167.52886772155762
111.75274848937988
64.45884704589844
91.86029434204102
309.0682029724121
181.7014217376709
153.1822681427002
119.89808082580566
167.66977310180664
179.79145050048828
99.25127029418945
64.4688606262207
307.86657333374023
111.96303367614746
272.9625701904297
328.39250564575195
117.15459823608398
289.6590232849121
67.7952766418457
108.30068588256836
188.90666961669922
310.4383945465088
105.0729751586914
141.56699180603027
168.074369430542
170.8216667175293
68.96734237670898
72.06916809082031
158.5230827331543
63.22884559631348
109.82036590576172
159.6200466156006
180.73225021362305
161.26418113708496
298.08855056762695
111.97018623352051
310.33778190612793
59.993743896484375
118.73173713684082
123.83770942687988
337.63933181762695
169.91257667541504
110.55278778076172
82.18193054199219
317.78717041015625
105.93724250793457
187.39867210388184
66.19954109191895
175.40287971496582
140.20347595214844
102.7829647064209
347.4111557006836
109.33518409729004
114.57061767578125
213.23251724243164
312.4346733093262
63.27390670776367
155.68232536315918
188.26556205749512
230.58676719665527
60.25338172912598
304.64696884155273
61.11001968383789
81.4054012298584
254.04071807861328
61.689138412475586
333.90164375305176
301.8808364868164
84.52200889587402
66.16425514221191
402.5735855102539
193.06588172912598
121.11449241638184
74.0823745727539
66.77651405334473
203.91440391540527
512.6316547393799
112.34664916992188
131.23035430908203
234.8458766937256
115.08679389953613
61.336517333984375
123.82316589355469
180.8171272277832
69.68140602111816
64.92924690246582
158.02764892578125
76.44772529602051
143.44096183776855
121.07348442077637
355.1504611968994
196.03681564331055
104.42423820495605
346.24743461608887
342.6814079284668
65.56367874145508
2033.5397720336914
66.86568260192871
170.8834171295166
369.3838119506836
108.40177536010742
189.42832946777344
164.27254676818848
178.13873291015625
150.12121200561523
66.51163101196289
163.3291244506836
62.952280044555664
392.3296928405762
166.0611629486084
202.40068435668945
79.82397079467773
107.46955871582031
154.96063232421875
162.43386268615723
319.3061351776123
324.5861530303955
114.50839042663574
226.26352310180664
151.1211395263672
293.9338684082031
