2.1290050506591798
2.190144395828247
2.1675740242004395
1.8639224529266358
1.7505839824676515
1.9977508544921876
1.627421236038208
1.5729013442993165
1.4180782794952393
1.1310916900634767
1.145538902282715
1.3417407035827638
1.6036509037017823
1.8102642059326173
1.793415641784668
2.2476848125457765
2.1301573276519776
1.1096914768218995
1.5837796688079835
2.495256042480469
1.1491900444030763
1.3353925704956056
1.5748094081878663
1.8552857398986817
1.53476939201355
2.150520420074463
1.7629774570465089
1.9506016731262208
1.6325915813446046
2.192400074005127
2.2088035106658936
1.9858408927917481
1.6738012790679933
2.2554169654846192
1.149795150756836
1.6466275215148927
1.6942173004150392
1.5955663681030274
1.9174140453338624
1.576994037628174
1.963314151763916
2.2394801139831544
1.5978156089782716
1.801223373413086
1.9114516735076905
1.5995837211608888
1.1215632915496827
1.9969476222991944
1.1921270847320558
1.6768601894378663
1.6496480464935304
1.6027108192443849
1.6052053928375245
1.5588401317596436
1.6760550498962403
1.6615215301513673
1.6570757389068604
1.9034269809722901
1.8014336585998536
1.1139958858489991
1.1107359886169434
1.8484869956970216
1.6458929538726808
1.1717380046844483
1.6671091079711915
1.6212922096252442
1.5945223331451417
1.7881103515625
1.9539962768554688
1.1249273777008058
1.2833629608154298
1.683000659942627
1.5756331443786622
1.8786870002746583
1.144099807739258
1.5970462322235108
1.6112736225128175
1.8573971748352052
1.1456953048706056
1.6148625373840333
1.1416288375854493
1.1321524143218995
2.2311774253845216
1.159830665588379
1.6059652328491212
1.6447564125061036
1.6243616104125977
1.5617321491241456
1.141996717453003
1.8658889293670655
1.7393988132476808
1.6114755630493165
1.153818702697754
1.5810557365417481
1.757273054122925
1.9601059913635255
2.1914440155029298
1.816310977935791
2.1772218704223634
2.1768766403198243
1.6327620506286622
1.1296146869659425
1.538455104827881
1.5974000453948975
1.6200283527374268
2.0258806705474854
1.3424116134643556
1.6099256038665772
2.422697877883911
1.6341506004333497
1.7400713920593263
1.595095729827881
5.042798614501953
2.2063830852508546
18.658568716049196
12.17881212234497
10.382490253448486
7.419162368774414
5.754097318649292
2.0082508087158204
8.331305122375488
8.058571195602417
8.079142904281616
1.9579738140106202
2.0401421546936036
2.4048059940338136
17.768179988861085
1.8847206592559815
11.088423585891723
2.2943366527557374
2.199837064743042
10.639724588394165
16.59895763397217
8.931787824630737
1.7814138889312745
8.051417207717895
7.0477629661560055
10.435043430328369
1.9623838424682618
6.683513259887695
14.185309505462646
7.299986934661865
1.769825553894043
6.245027637481689
2.070526456832886
12.896721935272216
9.662691450119018
20.559163427352907
1.7033010482788087
2.5440925121307374
10.032364702224731
1.793574905395508
16.926935052871706
1.8199077606201173
14.895415878295898
8.79984245300293
1.7343793869018556
14.86665735244751
9.526782608032226
9.616996145248413
9.080806112289428
11.388784742355346
19.59924111366272
1.9890912532806397
15.576215600967407
8.56175479888916
5.6653941631317135
15.99299988746643
7.518355226516723
10.293111658096313
16.302506065368654
18.584246730804445
15.681087589263916
5.894397592544555
1.9302531242370606
10.11534342765808
1.7978468894958497
10.764484024047851
10.791012144088745
1.570522165298462
10.399671649932861
16.555302476882936
1.8876999378204347
16.103165483474733
16.99148497581482
15.201786136627197
15.087751245498657
6.4658115863800045
10.324766731262207
1.7183104515075684
1.9820097446441651
19.898890352249147
10.703689670562744
17.37720594406128
15.8524995803833
7.9270893096923825
6.648311948776245
9.947166299819946
11.156416273117065
8.923840856552124
7.019019937515258
8.241536235809326
2.0155406951904298
7.393097972869873
11.617499208450317
1.928490972518921
7.887030696868896
10.538105344772339
19.417668914794923
16.872029876708986
7.731419658660888
1.9370633125305177
8.81447992324829
12.62780532836914
15.518166160583496
16.725230312347414
15.417844152450561
10.893856859207153
18.281570291519166
11.161572551727295
1.7292800903320313
10.657235240936279
7.087053394317627
10.88413987159729
10.462410068511963
9.514353609085083
14.595011568069458
10.271658515930175
8.59572467803955
14.625339365005493
12.106583452224731
7.327599620819091
1.748031234741211
1.6831632614135743
6.176416969299316
10.844995355606079
17.477501249313356
9.53493366241455
14.40018663406372
16.957423543930055
10.271149969100952
7.595841264724731
2.0254229068756104
7.470924711227417
11.491690015792846
1.9219711780548097
1.923127031326294
7.7700389385223385
16.003931856155397
2.192787742614746
2.0501283168792725
2.0349839687347413
10.790650463104248
10.469581699371338
1.7372978687286378
9.34046516418457
17.299721574783327
1.7613576412200929
16.094242668151857
2.003026580810547
16.12704167366028
1.629040575027466
6.953493928909301
9.724375581741333
2.0183709621429444
9.239084100723266
7.504497623443603
1.9217618465423585
9.363877153396606
20.236503219604494
8.334321117401123
10.825778579711914
8.672692155838012
13.27302131652832
5.361290073394775
2.358190393447876
10.111394739151
9.185689783096313
14.912427282333374
8.541734790802002
1.7610240936279298
15.574703788757324
20.21163926124573
10.510014867782592
1.780546283721924
7.562636470794677
16.173652029037477
10.443691825866699
20.499821519851686
1.6238490104675294
8.145257091522216
8.06664309501648
9.240151023864746
8.833889579772949
2.3989928722381593
15.8377028465271
17.39318976402283
9.258654928207397
1.8541744709014893
9.76312551498413
10.265886163711547
1.6613644123077393
9.890504932403564
2.3861781120300294
2.2912736892700196
10.127109622955322
2.1073132514953614
6.2702878475189205
10.909141159057617
2.258637046813965
7.137408828735351
7.524767255783081
1.4418982028961183
16.726259326934816
10.626029586791992
1.933782434463501
2.6341482162475587
19.906422233581544
7.46466646194458
6.9041379451751705
7.671410655975341
7.486373519897461
8.668334341049194
9.351131534576416
8.806011056900024
9.098484373092651
9.735696411132812
1.5898812770843507
6.509063816070556
10.43212399482727
7.608325815200805
8.838312482833862
11.341824150085449
2.288675403594971
10.754000520706176
2.3614543437957765
9.860787963867187
9.582452154159546
18.482442712783815
14.87656626701355
8.313498830795288
9.785686588287353
5.888231611251831
18.669836378097536
9.250088548660278
8.725534296035766
9.46015486717224
8.61423192024231
8.733027791976928
16.97733864784241
16.91770992279053
15.695431327819824
2.4743155002593995
15.374633169174194
8.965971565246582
17.680477952957155
2.328626251220703
9.55709228515625
1.9842427730560304
2.480699634552002
1.961961603164673
16.91596636772156
16.151923751831056
1.4221836090087892
7.2238000392913815
10.413679695129394
2.284628963470459
1.7707277297973634
14.450714445114135
2.027597999572754
2.291579580307007
13.0970965385437
1.8538063526153565
19.668811893463136
17.84340343475342
16.062205171585084
20.14196643829346
7.858157968521118
7.5237244129180905
6.035477495193481
15.656185007095337
18.728820419311525
17.090516662597658
13.099388456344604
7.87715516090393
7.412264442443847
5.767132139205932
6.353054618835449
16.971766090393068
15.684718704223632
9.475494956970214
11.37149748802185
19.39066038131714
7.869906282424926
1.7545677185058595
15.188152170181274
6.921722507476806
10.503379440307617
14.598003244400024
15.008962488174438
8.062622165679931
1.7559252738952638
16.771470880508424
16.04161653518677
9.494827604293823
2.796746826171875
16.746836996078493
1.6057806968688966
9.76690468788147
16.833569383621217
17.523650026321413
1.6574309825897218
8.949689483642578
2.2199626922607423
2.045032596588135
17.679055786132814
1.9923444747924806
2.2572062969207765
1.7232385635375977
10.584410285949707
15.311689233779907
9.19069275856018
2.3116773128509522
14.812778329849243
5.365917539596557
1.9308088779449464
7.2557137966156
6.359082555770874
17.059339380264284
1.9903720378875733
2.2668105125427247
2.2728084087371827
5.896826362609863
21.66367611885071
7.076362228393554
1.7643691062927247
17.19298610687256
9.435304021835327
17.28809485435486
1.264276123046875
10.600954151153564
7.8568824291229244
10.586287593841552
2.2025099754333497
2.545790767669678
18.86871967315674
16.013693428039552
7.149435377120971
2.737415885925293
1.6250349044799806
2.2293673515319825
1.7299691200256349
14.40087399482727
10.733696556091308
13.451246356964111
7.514392232894897
6.050315713882446
16.838436698913576
2.114843225479126
1.9910055160522462
17.482461786270143
9.082366323471069
9.745349502563476
9.533709859848022
2.204348659515381
6.219015455245971
17.289849615097047
9.955524063110351
18.270396089553834
16.86737141609192
15.261493062973022
1.9152360916137696
10.76541838645935
15.106452798843383
6.72287163734436
9.968687152862548
1.9176167011260987
15.436111307144165
1.776396131515503
1.6678017139434815
11.222593402862548
9.113591766357422
10.373103713989257
9.306626415252685
1.5728457927703858
2.114200210571289
11.033012008666992
6.857518291473388
9.161392784118652
7.598544692993164
11.457770204544067
17.404079532623292
10.936317777633667
1.5166998863220216
5.994908666610717
16.61654863357544
14.168113327026367
1.8172539234161378
9.598464345932006
7.503412818908691
17.4624587059021
14.364443397521972
16.408335781097414
10.728436803817749
2.0493954181671143
10.14645037651062
10.85654411315918
14.04356369972229
1.8575361728668214
7.722050523757934
10.88355574607849
10.266092872619629
11.08054838180542
9.717072820663452
10.120752668380737
15.074307060241699
6.541332101821899
7.694651937484741
2.0918134212493897
2.263503408432007
9.002916431427002
1.6708613395690919
1.9788094520568849
2.5193992614746095
10.107792711257934
19.68191466331482
1.7487100124359132
2.5275076389312745
7.872274732589721
14.599910354614257
1.8554831504821778
12.759281969070434
9.794086074829101
16.92347369194031
1.8830696105957032
9.00709900856018
7.218449449539184
16.398235416412355
14.96482048034668
7.064422464370727
1.7774542331695558
10.13157877922058
16.06094560623169
7.390237426757812
10.852267122268676
9.042668199539184
6.387680625915527
9.765732145309448
13.731486415863037
1.6533072948455811
11.097018337249756
13.409629678726196
15.158439254760742
8.131702280044555
10.877463674545288
7.8611267566680905
1.965938663482666
10.899870252609253
1.7590509414672852
2.526086187362671
9.437557077407837
10.37639889717102
18.666418886184694
14.413677310943603
16.021034812927248
14.953524923324585
9.77431879043579
2.009163236618042
18.851424074172975
7.9607831001281735
16.379892206192018
6.319170093536377
15.940808391571045
7.11969575881958
9.621460056304931
1.7103179454803468
9.855799770355224
21.28466091156006
1.5788763523101808
10.128142929077148
1.880341386795044
18.4375141620636
1.6033102035522462
11.479329681396484
8.726000642776489
7.430882310867309
12.94016728401184
9.452629661560058
1.9719625473022462
8.956841325759887
6.426499938964843
5.714459991455078
17.571977949142457
16.70047745704651
17.52058324813843
15.953343486785888
9.395265913009643
6.890920734405517
18.648933744430543
7.248614168167114
16.332198476791383
9.305703496932983
9.863839483261108
9.121148681640625
14.637537574768066
1.8227408885955811
9.094994163513183
8.477411365509033
7.662649011611938
10.384445762634277
1.8563629150390626
17.897420263290407
6.693164682388305
7.145609951019287
11.438939428329467
11.055530405044555
13.223257160186767
16.21441469192505
10.345123386383056
8.913353776931762
9.865840530395507
10.504906272888183
11.127710437774658
1.4980135917663575
1.8051744461059571
2.531403160095215
14.840504026412964
8.368961668014526
9.47285304069519
15.324591732025146
7.316016292572021
9.185062026977539
6.933373546600341
13.486778831481933
12.752511835098266
1.6945770740509034
2.373963451385498
18.94620761871338
5.72091064453125
2.0417269229888917
6.950890636444091
6.071300601959228
7.501942729949951
18.84443578720093
15.00017819404602
8.504638051986694
1.9903191089630128
18.861792898178102
1.6924477577209474
6.619025802612304
8.594731903076172
6.944764709472656
16.369942045211793
16.373495435714723
1.5299156665802003
9.695853805541992
7.8732517719268795
1.738519287109375
17.48092565536499
8.126933193206787
9.569077587127685
2.008554553985596
16.093624687194826
6.559035873413086
6.472884750366211
17.48070821762085
9.226964092254638
8.904095983505249
10.32455883026123
9.904111003875732
7.178864812850952
15.170686101913452
2.026107168197632
1.949184036254883
2.4039233684539796
19.059193468093873
9.002597427368164
10.153754329681396
10.27201042175293
1.6810375213623048
9.837051725387573
8.25525722503662
1.473872995376587
9.66467080116272
9.49516019821167
10.752557373046875
11.057221508026123
1.5364705085754395
6.888202285766601
7.049067831039428
11.068782186508178
9.039082860946655
11.071046447753906
12.8726731300354
1.4193190097808839
2.408138370513916
14.811649179458618
9.28498158454895
10.339568948745727
10.759754276275634
9.869591331481933
13.208738660812378
8.51802191734314
1.7960287094116212
18.95284471511841
18.660607671737672
9.937649345397949
10.3037615776062
17.012925720214845
8.136126136779785
6.963026142120361
1.9923847675323487
8.316423749923706
1.7113040447235108
7.305818653106689
6.921468830108642
10.120277500152588
10.609598016738891
9.591512298583984
1.6908923149108888
11.103039360046386
10.222055768966674
1.6379645824432374
11.410473680496215
2.0306812286376954
5.923208332061767
2.104382371902466
10.179801559448242
7.875351285934448
9.767232513427734
8.792689418792724
2.7103646755218507
17.68664608001709
10.507256841659546
10.54908308982849
16.259091711044313
6.834407186508178
10.396575307846069
14.567769622802734
6.9268146514892575
17.410681819915773
19.551914310455324
8.812613105773925
13.171312189102172
8.635044193267822
10.09154806137085
8.814689493179321
2.0132180213928224
17.162712192535402
11.126895523071289
2.096622085571289
1.6498626232147218
7.088265991210937
17.829225158691408
1.6459728240966798
2.423969841003418
11.397678232192993
10.324299430847168
16.35737810134888
2.0633729457855225
7.947351312637329
10.869853115081787
6.889589405059814
7.494542455673217
1.76017484664917
1.6884010791778565
7.758907413482666
7.678215599060058
2.0906244277954102
8.588796234130859
11.456651067733764
1.7253209114074708
9.8451012134552
1.9791749477386475
1.8295901775360108
14.88386378288269
1.8567641735076905
7.161552286148071
10.95781717300415
7.768254613876342
2.0813685417175294
2.0895434379577638
9.579135036468506
17.24298176765442
6.871979093551635
1.8808139324188233
13.985557651519775
6.876739835739135
2.1396366119384767
6.78652868270874
16.830184316635133
1.754848575592041
8.948897695541381
9.6685555934906
11.034466123580932
8.527968502044677
14.650393342971801
19.279275989532472
14.635896062850952
9.25257978439331
10.102314805984497
2.294969415664673
6.702097034454345
2.021203136444092
9.34553084373474
10.261921977996826
1.7404709815979005
15.33950695991516
8.687315082550048
1.767489767074585
8.329452610015869
1.8124741077423097
6.877714729309082
2.0202988147735597
18.59480438232422
7.243951654434204
2.38624963760376
17.51100859642029
10.024013376235962
1.9978490829467774
21.580005264282228
1.202191209793091
13.55363450050354
7.9216102123260494
6.314816570281982
1.9909027576446534
2.0858105182647706
2.066533899307251
9.926252937316894
6.512852048873901
6.913393354415893
1.5302031993865968
7.047922229766845
1.6363008975982667
10.051097726821899
19.626607751846315
1.5348866939544679
17.01029953956604
13.831045722961425
2.508015251159668
1.6268359184265138
14.374891376495361
1.240993356704712
7.055204248428344
9.77101788520813
9.888556814193725
12.966416454315185
18.408767557144166
