1.7186602115631104
1.147015428543091
1.3368850708007813
1.135176992416382
1.4145711421966554
1.1243215560913087
2.404940462112427
1.6807504653930665
1.6601503849029542
1.1228390693664552
1.667129135131836
2.0014737606048585
1.6392303466796876
1.1428495407104493
1.120517110824585
1.1332448482513429
2.1831613540649415
14.341397619247436
5.676260328292846
17.671601152420045
9.05930290222168
15.846067762374878
9.502348041534423
1.853579616546631
2.277219867706299
9.023696517944336
8.333178377151489
16.99734220504761
1.6728344917297364
11.0194016456604
7.284767961502075
1.7388988494873048
10.228765821456909
10.923928594589233
1.6476765632629395
20.777473545074464
1.5632618427276612
10.453203535079956
16.980489587783815
6.651644563674926
1.8691712379455567
9.30718264579773
11.000339126586914
17.5136221408844
1.7824557781219483
7.162845706939697
17.665031528472902
2.271032428741455
10.421125268936157
11.50345549583435
6.642545318603515
18.730738258361818
8.724040842056274
10.637319660186767
1.8117607593536378
10.64263424873352
20.481603717803956
2.3605648040771485
1.974642848968506
9.57705078125
1.995686149597168
9.405747509002685
9.705725765228271
16.911514377593996
9.014368629455566
14.702110147476196
19.09815106391907
1.4036816120147706
2.2977672576904298
8.848376131057739
9.954527235031128
11.28733286857605
8.551251983642578
1.918049192428589
16.056956148147584
1.5925553798675538
16.79717073440552
1.9415379524230958
2.1140504837036134
18.959662532806398
6.647281980514526
10.376164293289184
16.492717599868776
1.6233111381530763
7.376513814926147
6.943446016311645
2.3283568382263184
9.35918436050415
9.930961227416992
2.3404303550720216
9.965335464477539
1.9868238925933839
15.78913173675537
20.34410343170166
1.773457145690918
2.0043712615966798
2.004756784439087
10.805034494400024
10.029271936416626
9.36826786994934
9.18131742477417
10.122406578063964
7.017412757873535
17.027067279815675
6.814054822921753
20.73361120223999
9.816204643249511
17.407353019714357
9.4604097366333
7.744969701766967
2.2377367973327638
1.936843490600586
2.0949774742126466
2.097729778289795
8.790151929855346
17.411435699462892
16.147036409378053
1.697337007522583
15.357450580596923
1.6030112266540528
16.24993190765381
13.095765686035156
9.081766939163208
1.9694605827331544
10.936878061294555
15.97584114074707
11.264687156677246
9.719783163070678
17.762163972854616
10.712910270690918
15.377856588363647
16.316100692749025
1.960053062438965
11.780027484893798
1.7222844123840333
9.090050315856933
15.263017272949218
16.904510831832887
16.034589862823488
13.78048095703125
10.538724756240844
18.446164226531984
2.5603450298309327
1.5001214504241944
17.33843288421631
8.772713041305542
13.228227472305297
17.90125951766968
9.947369194030761
10.649131155014038
1.6639393329620362
10.823867893218994
16.56603322029114
9.936982727050781
14.252708292007446
10.024300909042358
13.450397109985351
9.206109619140625
16.91822466850281
13.3441725730896
10.005213117599487
20.647765254974367
1.4262579441070558
9.807870006561279
8.044318056106567
8.809527254104614
7.707964277267456
1.739864206314087
17.1609347820282
1.8736911773681642
9.892414426803589
10.602607583999633
1.6016896724700929
8.933542346954345
10.435218667984008
2.573572015762329
11.025809860229492
1.898717737197876
2.94556245803833
1.7464598178863526
14.875806903839111
14.306265449523925
1.7169693470001222
11.265980339050293
2.0032785892486573
2.117483949661255
10.286247110366821
1.6795958042144776
7.177082157135009
7.072624778747558
1.557239866256714
8.826691484451294
17.45325884819031
16.45298299789429
7.271558618545532
17.38468990325928
14.268569326400756
9.625847673416137
9.192269420623779
11.121347522735595
17.19024477005005
10.425132608413696
2.048622703552246
6.2992511749267575
1.9856937885284425
2.076524353027344
9.448076581954956
2.368441677093506
2.0969592094421388
2.2152770519256593
9.78252158164978
7.742728328704834
7.165137386322021
6.924606657028198
2.1995652675628663
15.561250066757202
1.8075431346893311
2.3783477306365968
11.174959278106689
1.958135461807251
6.15883240699768
2.310252046585083
15.407932376861572
15.24103889465332
12.306345081329345
1.9789525032043458
2.0786481857299806
11.1135178565979
6.429618692398071
10.829092836380005
20.53218803405762
1.7318330764770509
20.73836693763733
8.519501781463623
16.32785782814026
9.561776256561279
17.21565685272217
1.9376271724700929
3.039222574234009
2.051120376586914
21.575482225418092
12.100890970230102
9.271215057373047
1.9925316333770753
10.648699378967285
11.516658163070678
8.385035371780395
10.594323253631591
17.371963596343996
15.488121843338012
20.721155977249147
10.937360858917236
9.54844365119934
16.491995668411256
1.5912948608398438
8.131466722488403
14.943983888626098
10.509298181533813
18.16624174118042
8.672065591812133
16.379877185821535
7.305074071884155
1.7818466186523438
11.149930334091186
8.063687658309936
7.07639513015747
17.003621673583986
1.4657000064849854
10.596075630187988
1.859960174560547
1.9696908950805665
8.02224907875061
7.038101291656494
11.51202974319458
1.751456117630005
11.662284708023071
18.697000598907472
21.144348001480104
2.279218053817749
10.501288270950317
8.717141962051391
17.202131366729738
7.094753837585449
10.491252279281616
14.577738380432129
18.617301797866823
10.554717397689819
15.417938327789306
9.751784181594848
5.686365699768066
1.8248959541320802
10.56107530593872
16.32454881668091
1.6187895298004151
7.318607425689697
13.281136846542358
9.615501499176025
9.030708646774292
11.867393112182617
9.37601432800293
10.333738422393798
7.387970066070556
1.8930819988250733
10.664104557037353
11.126507377624511
1.3543878555297852
13.388451671600341
6.890535926818847
6.658968544006347
2.074324703216553
2.3702226638793946
8.148346042633056
18.370157337188722
10.910801029205322
17.421064710617067
16.701493120193483
1.274290180206299
12.754238700866699
2.1100877285003663
1.8991900444030763
1.8341105937957765
9.795462942123413
1.817254400253296
2.551369047164917
2.2854612827301026
16.775354957580568
10.087412691116333
19.404632902145387
15.974759912490844
8.566049432754516
15.898521041870117
9.763811683654785
8.757910823822021
14.315710163116455
1.931812620162964
7.956021881103515
1.5602508544921876
17.329905128479005
1.7189534664154054
2.361873483657837
8.903870677947998
10.389901494979858
1.7897335052490235
17.026247835159303
1.9168997764587403
16.843834972381593
16.522378063201906
9.71062216758728
8.826685523986816
14.092393016815185
1.8562546730041505
2.013083553314209
2.391419506072998
9.75218997001648
10.631485557556152
5.705981111526489
14.570659494400024
15.283273077011108
9.734842157363891
17.520024633407594
16.44715533256531
1.4855321407318116
2.025994396209717
6.322866773605346
18.85562334060669
10.852339124679565
9.516527032852172
8.999325609207153
16.814200735092165
9.089778995513916
1.3964391708374024
20.7935031414032
1.8633082866668702
10.544702625274658
16.550802087783815
1.8744696140289308
7.636093473434448
2.3416315078735352
11.000534629821777
1.903041458129883
7.913827276229858
7.261628246307373
9.6332772731781
9.958008861541748
10.772101974487304
1.9041155338287354
1.7794857978820802
15.493377780914306
15.042262649536132
10.311590051651
10.409520959854126
15.810458755493164
1.898964023590088
11.2046302318573
2.448263740539551
10.565379238128662
1.6206193923950196
20.26656041145325
9.725704050064087
16.485635375976564
7.86950716972351
8.076450443267822
10.984088039398193
1.8697734832763673
15.437046146392822
12.859629487991333
17.370660877227785
18.303139305114748
1.67810115814209
10.539846754074096
6.37219820022583
14.956142282485962
13.78749713897705
14.132815933227539
9.692607259750366
17.434829568862916
21.246034240722658
1.7918556690216065
8.9451189994812
8.473965263366699
10.890204524993896
