1.6624594688415528
1.6555105209350587
2.1744311809539796
1.6099871158599854
1.1436229705810548
2.032193994522095
1.9820779323577882
2.18841347694397
1.9770699501037599
1.0870841503143311
1.153175449371338
1.9277003765106202
1.1305678844451905
1.9903346061706544
1.6777864456176759
2.238023853302002
1.6356783866882325
1.1389957427978517
1.5878416061401368
1.9280837535858155
1.6626296997070313
2.2680610179901124
1.6683414936065675
1.6383124351501466
2.2210904121398927
1.107615089416504
1.5717502593994142
1.5898524284362794
1.9358309268951417
1.995819664001465
2.2277852058410645
1.1452113151550294
1.5926905632019044
1.6077085494995118
1.6039186477661134
1.1375595092773438
1.6470662117004395
1.126700496673584
1.5768810272216798
2.006588315963745
1.3363245487213136
1.5502062797546388
1.9963108062744142
1.6105028152465821
1.9894128799438477
2.2559672355651856
1.7181139945983888
1.6332388877868653
1.144447422027588
1.7271109580993653
2.1404176712036134
1.9798949718475343
2.1885260105133058
2.264867162704468
0.9438920974731445
2.1394785404205323
0.9182282447814941
1.9888108730316163
1.1220930576324464
1.5880146980285645
1.1665166378021241
1.6919756889343263
2.2085216999053956
2.439717149734497
1.1502138137817384
1.641503667831421
1.5844393730163575
1.1948164463043214
2.274154281616211
1.161758041381836
1.690392827987671
2.2209187507629395
1.1281867980957032
2.203330373764038
1.144121265411377
1.7240260601043702
1.8736864089965821
1.128886079788208
1.9255062103271485
2.172554349899292
1.1494282245635987
1.667521333694458
1.1586795806884767
2.148001289367676
2.2340012550354005
1.9968377113342286
1.8751736640930177
1.1553159713745118
1.1373432636260987
1.698092794418335
1.1076887607574464
1.9713409900665284
2.202170467376709
2.227067804336548
2.1755438804626466
1.1345132350921632
1.6268704891204835
1.8616047859191895
