96.37836942672729
87.92733941078185
4.470477676391601
1.9677875995635987
1.6649285316467286
1.636869525909424
1.6677280426025392
1.6489232540130616
5.999573564529419
11.092586851119995
1.8452850341796876
13.50686821937561
16.19908938407898
6.211119508743286
2.2709504127502442
2.9741958141326905
8.770790195465088
1.629278039932251
16.603851652145387
10.241093969345092
13.315752840042114
12.78985915184021
1.8707576751708985
5.962133502960205
16.651679134368898
12.4401620388031
7.049080228805542
16.542015886306764
15.275399303436279
1.7559076309204102
2.115967130661011
10.793138599395752
8.670482492446899
10.22369680404663
15.613244152069091
11.16831169128418
16.752266502380373
16.45949468612671
15.441344118118286
11.929184770584106
9.479374265670776
14.640426015853881
7.063724136352539
9.51001296043396
10.94973120689392
1.7122076511383058
10.872242307662964
7.908032035827636
14.106168365478515
9.74327335357666
10.318807458877563
17.750424242019655
16.078931903839113
16.638267612457277
7.330152130126953
9.786469316482544
10.947736835479736
9.749653196334839
